102006001
102006002
102006003
102006004
102006005
102006006
102006007
102006008
102006010
102006011
102006012
102006013
102006014
102006015
102006016
102006017
102006018
102006019
102007001
102007002
102007003
102007004
102007005
102007006
102007007
102007008
102007009
102007010
102007012
102007013
102007014
102007015
102007016
102007017
102007018
102007019
102007020
102007021
102007022
102007023
102007024
102007025
102007026
102007027
102007028
102007029
102007030
102007031
102007032
102007033
102007034
102007035
102007036
102007037
102007038
102007039
102007040
102007041
102007042
102007043
102007044
102007045
102007046
102007047
102007048
102007049
102007050
102007051
102007052
102007053
102007054
102007055
102007056
102007057
102007058
102007059
102007060
102007061
102007063
102007064
102007065
102007066
102007067
102007068
102007069
102007070
102007071
102007072
102007073
102008001
102008002
102008003
102008004
102008005
102008006
102008007
102008008
102008009
102008010
102008011
102008012
102008013
102008015
102008016
102008017
102008018
102008019
102008020
102008021
102008022
102008023
102008024
102008025
102008026
102008027
102008028
102008029
102008030
102008031
102008032
102008033
102008034
102008035
102008036
102008037
102008038
102008039
102008040
102008041
102008042
102008043
102008044
102008045
102008046
102008047
102008048
102008049
102008050
201001005
201001007
201001009
201001013
201001014
201001015